100
12345678 
12345 786
1234 5786
4756 8132
8523 1647
47128536 
7516 3824
 37825416
6543 7812
6315 8724
13586742 
361528 47
214856 37
86432571 
2784 6135
172863 45
8241 7365
8463 1572
 32761584
361742 58
2816 7435
26 541783
3167 5824
85132674 
 54782136
63587421 
4132 8765
3574 6218
6248 5371
51 782634
 65132847
8731 6452
4582 3761
47162538 
5842 1673
62734815 
276841 35
152437 86
2715 4386
 75246831
245836 71
 13548762
578642 13
5637 8412
2875 4163
6381 7254
 27654318
426153 78
67 351284
785136 42
18326547 
43182576 
6423 8517
1736 5428
 38657124
46583127 
2653 8471
813724 56
83617245 
672853 41
85217364 
8652 1374
 45726183
167254 83
3426 1587
62158437 
2137 4568
3745 2168
67541832 
8364 1527
7148 3265
753682 41
64 178235
5341 7682
341685 27
137526 48
42 763581
47 216538
23165748 
87 653124
432615 78
7456 3821
456132 78
 75214836
174568 32
3168 2754
6735 4182
1458 2367
 46238571
6314 2857
651238 74
2416 7538
 38452761
46271538 
26 347518
86 725143
73 528416
6854 1237
856321 47
58 326417
6273 4815
